buy_signal_threshold,sell_signal_threshold,#transactions,profit,%profit,#profitable,%profitable,profit/T,%profit/T,#transactions/M,profit/M,%profit/M
0.05,-0.01,8,11669.98,16.9,6,75.0,1458.75,2.1,1.35,1972.47,2.86
0.06,-0.02,3,9816.45,14.5,2,66.7,3272.15,4.8,0.51,1659.18,2.45
0.07,-0.02,3,9816.45,14.5,2,66.7,3272.15,4.8,0.51,1659.18,2.45
0.08,-0.02,3,9816.45,14.5,2,66.7,3272.15,4.8,0.51,1659.18,2.45
0.09,-0.02,3,9816.45,14.5,2,66.7,3272.15,4.8,0.51,1659.18,2.45
0.1,-0.02,2,9258.53,13.6,1,50.0,4629.26,6.8,0.34,1564.88,2.3
0.06,-0.01,6,4295.23,6.8,4,66.7,715.87,1.1,1.01,725.98,1.15
0.07,-0.01,5,4295.23,6.8,3,60.0,859.05,1.4,0.85,725.98,1.15
0.08,-0.01,4,4295.23,6.6,2,50.0,1073.81,1.6,0.68,725.98,1.12
0.09,-0.01,3,4295.23,6.5,1,33.3,1431.74,2.2,0.51,725.98,1.1

0.05,-0.01,8,11669.98,16.9,6,75.0,1458.75,2.1,1.35,1972.47,2.86,0.527
0.06,-0.02,3,9816.45,14.5,2,66.7,3272.15,4.8,0.51,1659.18,2.45,1.129
0.07,-0.02,3,9816.45,14.5,2,66.7,3272.15,4.8,0.51,1659.18,2.45,1.129
0.08,-0.02,3,9816.45,14.5,2,66.7,3272.15,4.8,0.51,1659.18,2.45,1.129
0.09,-0.02,3,9816.45,14.5,2,66.7,3272.15,4.8,0.51,1659.18,2.45,1.129
0.1,-0.02,2,9258.53,13.6,1,50.0,4629.26,6.8,0.34,1564.88,2.3,0.0
0.06,-0.01,6,4295.23,6.8,4,66.7,715.87,1.1,1.01,725.98,1.15,0.291
0.07,-0.01,4,4295.23,6.6,2,50.0,1073.81,1.6,0.68,725.98,1.12,0.476
0.08,-0.01,4,4295.23,6.6,2,50.0,1073.81,1.6,0.68,725.98,1.12,0.476
0.09,-0.01,3,4295.23,6.5,1,33.3,1431.74,2.2,0.51,725.98,1.1,0.68

